1,18.907009,12.220855,8.733333,134.454047,17.972046,0.0,2
2,14.698109,13.586879,8.614814,86.302237,4.168373,38.80369567871094,2
3,16.428095,1.904802,-4.333333,138.880782,2.721256,27.688373565673828,2
4,14.616501,13.700638,8.602531,51.356913,18.061923,43.101417541503906,2
5,10.955766,9.485389,-0.0,1.95173,14.033748,56.056095123291016,3
6,14.621462,1.463106,-4.36266,106.456614,0.354636,42.20698547363281,2
7,10.037773,4.177473,-3.780947,55.878393,19.711002,57.46693420410156,3
8,17.223722,8.203223,4.666667,189.246031,11.338251,34.38014602661133,2
9,20.084017,14.362603,8.733333,181.288653,11.979483,28.600337982177734,2
10,18.862776,14.473328,8.733333,78.536915,13.341729,62.209205627441406,3
11,16.895326,2.364196,-4.337934,4.971047,16.729597,43.694915771484375,2
12,16.306264,14.558892,8.733333,134.287359,18.817631,32.86582565307617,2
13,19.974414,14.357504,8.733333,167.434127,8.423106,11.680560111999512,1
14,21.567229,7.280635,4.666667,194.299928,1.862282,23.74819564819336,2
15,20.669863,12.004207,8.733333,11.386577,16.145213,40.88161849975586,2
16,3.841922,2.128295,0.0,90.064763,7.303765,61.895240783691406,3
17,12.069793,6.326419,0.211387,116.49406,18.47449,58.517242431640625,3
18,16.78708,13.736033,8.733333,137.327563,8.177913,14.260387420654297,1
19,18.813468,11.88311,8.710609,143.886551,18.220736,33.686981201171875,2
20,18.941295,14.392386,8.733333,130.00815,3.88341,18.848743438720703,1
21,19.437846,9.83611,4.749161,145.38291,2.849437,26.766098022460938,1
22,8.427097,0.535675,-5.509081,74.769533,19.357439,63.6861457824707,3
23,14.645388,12.73694,8.606922,116.316417,0.969741,27.883949279785156,2
24,14.702373,14.009899,8.615446,23.223703,15.10784,43.5059928894043,2
25,19.304493,10.181027,4.982862,11.530872,16.143004,50.24070358276367,2
26,13.553224,11.366102,5.639167,195.953045,9.617794,22.011804580688477,1
27,15.360904,11.146987,8.696152,56.964745,8.356456,29.835556030273438,2
28,14.776196,5.883405,4.46872,118.99486,21.552464,35.00712585449219,2
29,12.618033,9.832168,1.569744,192.432206,8.777855,37.12693405151367,2
30,15.042119,2.5678,-4.348994,37.155653,9.684112,34.258216857910156,2
31,16.118277,10.590691,6.418728,38.607963,3.449774,25.94487190246582,1
32,3.745589,0.477493,0.0,68.328821,7.172754,61.972023010253906,3
33,18.108324,4.153845,-0.744046,186.579579,6.909362,37.193687438964844,2
34,2.836233,0.692571,0.0,78.133507,19.679015,67.25846862792969,4
35,7.497988,1.456977,-6.713589,54.643342,5.434532,33.76102066040039,2
36,14.642074,12.351867,8.606421,30.389416,6.834938,15.241198539733887,1
37,16.56864,10.422429,5.728301,79.421769,8.995116,47.141536712646484,2
38,6.334251,4.756492,-0.635086,74.944493,15.57624,84.50035858154297,4
39,17.393175,14.253331,8.733333,26.222941,3.160027,14.53284740447998,1
40,2.769136,0.516691,0.0,87.008144,19.169085,66.646728515625,4
41,8.312453,6.581165,0.0,18.302633,1.82943,39.180999755859375,2
42,18.491214,5.723377,4.833042,122.925392,10.158232,34.13176727294922,2
43,14.549269,11.482752,7.15583,2.195818,0.668559,13.513041496276855,1
44,18.006788,11.927999,8.722314,114.652077,16.570412,49.68468475341797,3
45,21.317025,2.803089,-4.352375,157.945972,15.400939,62.70341110229492,3
46,13.6839,7.346466,3.297574,47.073355,4.719269,40.446346282958984,2
47,17.324761,6.683793,4.681215,89.603943,14.957903,72.03559875488281,3
48,19.023338,9.694695,4.726229,113.871637,12.260439,55.13572311401367,2
49,15.555085,10.640472,6.63848,12.280288,18.714936,34.19772720336914,2
50,18.320822,11.3203,8.617869,99.257777,12.288441,51.342384338378906,3
51,6.10056,4.140376,-4.094402,128.463047,19.839021,52.9250602722168,2
52,21.218071,10.19554,5.011175,44.253146,9.229389,35.688907623291016,2
53,12.10853,9.82647,0.325684,167.411289,7.878824,41.35456085205078,2
54,7.645853,2.439176,-6.397811,194.215046,10.757725,34.03020477294922,2
55,17.913132,1.784965,-4.333333,169.274578,5.631167,25.899932861328125,2
56,14.557681,7.475461,4.238231,101.199891,20.441724,46.709590911865234,2
57,20.243195,14.396159,8.733333,55.775122,10.26865,32.18864059448242,2
58,11.796009,5.105786,-0.0,149.323444,5.588173,40.27639389038086,2
59,12.387536,8.779016,1.056502,47.386077,9.486806,49.819400787353516,3
60,4.051338,3.357179,0.0,191.469056,15.45566,58.372589111328125,3
61,18.49413,11.269006,8.646427,124.052007,8.851257,20.626312255859375,1
62,11.633148,3.826427,-4.46262,120.052429,4.000482,34.74799728393555,2
63,14.099209,7.589356,3.764001,34.5209,18.837525,42.80562973022461,2
64,17.507954,10.486151,5.983553,18.069348,12.852427,37.57203674316406,2
65,13.876582,13.363549,8.473727,51.052441,8.218733,27.181577682495117,2
66,16.792895,14.389371,8.733333,171.714106,4.87728,11.358134269714355,1
67,18.865437,8.208233,4.666667,182.213411,4.817871,23.952571868896484,2
68,15.952753,2.079367,-4.333726,139.926753,11.489114,41.17667770385742,2
69,4.716048,2.23941,0.0,145.036471,9.5353,42.005035400390625,2
70,6.22323,3.862624,-8.40181,45.977216,16.308688,45.627193450927734,3
71,13.477877,12.610759,8.393752,115.210691,1.549892,28.730859756469727,2
72,3.956451,3.814233,0.0,162.125621,18.641336,48.07112503051758,3
73,16.354706,12.214272,8.733333,80.768674,14.957365,64.29827117919922,3
74,15.680758,3.652875,-4.398136,197.687853,3.006333,24.055376052856445,2
75,19.766466,13.938954,8.733333,17.999763,18.884848,28.206012725830078,2
76,14.147642,5.249756,3.815389,64.188207,4.396351,46.9393196105957,2
77,5.022027,2.948929,-8.620209,102.281788,13.361478,57.340145111083984,3
78,15.285723,3.766258,-4.406177,12.121273,11.94699,36.99224853515625,2
79,10.854724,9.24067,-0.0,145.137585,3.571143,40.30363082885742,2
80,9.100542,7.099333,-0.0,111.31115,0.124367,53.12434005737305,3
81,6.923889,5.274893,-0.0,105.87198,16.972673,69.3443832397461,3
82,13.817024,12.462429,8.461833,165.996486,16.825326,37.37710952758789,2
83,11.003418,8.778961,-0.0,171.751807,9.263526,41.56440734863281,2
84,10.94509,8.245854,-0.0,157.805785,1.24989,39.45481872558594,2
85,16.374603,13.757905,8.733333,63.566611,12.886434,51.52301025390625,3
86,9.892307,4.287585,-3.011415,90.441491,3.831415,52.887733459472656,3
87,13.673311,11.358003,5.795235,150.445594,16.029435,48.02180099487305,2
88,13.990594,11.305936,6.257891,21.972341,11.754403,30.30976104736328,2
89,20.255351,5.706688,4.835485,21.948474,5.567414,23.23856544494629,1
90,17.998655,8.517325,4.666667,53.976733,20.175248,43.20021057128906,2
91,12.731722,1.137814,-4.397289,104.927469,16.68028,67.37928009033203,3
92,4.717539,0.809252,0.0,194.530215,19.514676,40.54121398925781,2
93,10.93846,7.961963,-0.0,142.081737,1.51356,40.58887481689453,2
94,12.485147,11.687508,5.83707,62.371989,4.03762,39.99677276611328,2
95,21.311279,14.01016,8.733333,58.291426,16.215598,54.535560607910156,3
96,16.119228,1.948593,-4.333333,170.071467,15.327727,63.110870361328125,3
97,16.044459,8.532355,4.666667,182.329485,17.093844,41.94795227050781,2
98,11.729488,7.04086,-0.0,127.855229,11.041875,51.312049865722656,3
99,3.805337,0.178531,0.0,51.07406,9.36093,55.12942886352539,3
100,15.603911,5.05684,4.672637,17.733168,13.447217,46.12554168701172,2
101,21.763916,2.432735,-4.339415,167.651118,18.826982,51.22837829589844,2
102,13.6332,11.914268,6.971202,116.943724,14.757536,55.473018646240234,3
103,9.136223,4.668226,-1.140008,189.621747,11.519025,49.734901428222656,2
104,13.511758,7.927997,3.082556,12.205786,6.573939,27.869007110595703,2
105,3.928759,2.484731,0.0,116.928261,15.48732,71.782958984375,4
106,17.90264,9.029729,4.667063,57.021617,8.395439,45.071685791015625,2
107,11.209864,3.944569,-4.629273,165.546435,12.48907,49.29689407348633,2
108,21.790781,9.811186,4.744786,38.197288,19.532941,38.92438507080078,2
109,15.0284,10.338218,5.396578,88.505992,18.544884,57.14699935913086,3
110,17.911706,11.222274,8.669639,78.682301,19.773568,47.15607452392578,2
111,9.111009,6.758124,-0.0,165.314796,20.658068,39.0258903503418,2
112,9.167442,1.257321,-5.098045,135.374219,17.939573,56.575077056884766,2
113,6.426162,3.434655,-8.513265,41.520607,0.029872,21.512779235839844,1
114,19.992348,13.70006,8.733333,63.620945,0.067995,33.50789260864258,2
115,19.459042,2.28567,-4.336124,26.762197,1.924314,30.98015022277832,2
116,15.759182,12.387255,8.724978,134.292578,5.736002,16.32062339782715,1
117,17.621128,8.075137,4.666667,114.198215,0.501571,38.52135467529297,2
118,17.018116,14.942021,8.733333,33.953413,9.329866,16.147979736328125,1
119,12.224244,1.172633,-4.379033,29.531155,7.503429,31.403553009033203,2
120,19.426052,6.640174,4.685234,95.215944,11.909787,60.44110107421875,3
121,13.788716,1.599792,-4.398726,181.620483,20.37572,43.010501861572266,2
122,16.967291,14.428471,8.733333,110.435005,6.566988,27.50434684753418,2
123,6.631664,0.069513,-8.661248,6.587979,7.437865,17.620071411132812,1
124,16.319912,11.623657,8.583405,10.772585,18.908562,28.592697143554688,2
125,16.376308,12.259548,8.733333,161.012646,7.490523,11.888221740722656,1
126,16.255938,13.030421,8.733333,90.274971,3.038649,39.08753204345703,2
127,12.842428,1.266538,-4.402501,76.529246,11.171577,58.869773864746094,3
128,17.879886,5.99674,4.778407,157.928741,18.846442,37.063377380371094,2
129,11.579341,3.898056,-4.48805,72.857374,8.4549,49.289886474609375,2
130,16.294144,12.001027,8.733333,106.469987,15.3052,55.34617233276367,3
131,8.410331,6.471207,-0.0,142.331341,13.813892,62.81085205078125,3
132,13.863501,13.659714,8.47116,174.295304,9.908539,17.219345092773438,1
133,8.320241,2.727705,-5.588074,65.737922,10.419595,48.16940689086914,2
134,9.686054,3.957044,-5.283096,130.023605,20.89354,49.99549865722656,2
135,15.137207,2.183085,-4.346234,194.96723,1.836946,24.229360580444336,2
136,21.140485,2.041028,-4.333536,15.193472,6.156236,29.91183090209961,2
137,21.424109,13.039383,8.733333,117.403833,9.834161,25.25811195373535,2
138,14.787486,8.695569,4.475003,82.7773,12.926568,71.5663833618164,3
139,11.554985,8.247903,-0.0,61.827285,19.307951,61.936180114746094,3
140,17.319117,2.174322,-4.334498,52.766808,10.320211,44.18180465698242,2
141,19.784721,12.795467,8.733333,151.753253,9.623206,15.323915481567383,1
142,18.714225,9.330827,4.682613,199.043196,16.416069,42.857139587402344,2
143,17.710441,5.264286,4.703851,37.314289,10.29403,34.695003509521484,2
144,9.213538,7.698743,-0.0,156.229054,18.938202,47.47706604003906,3
145,16.913603,6.027121,4.773039,39.159596,10.263264,35.28777313232422,2
146,10.803348,1.1395,-4.57593,198.471795,10.958299,39.631248474121094,2
147,7.502812,3.598742,-6.394582,160.452314,10.723474,31.99576187133789,2
148,3.834958,1.849784,0.0,84.845342,5.048313,63.141143798828125,3
149,18.605329,2.758617,-4.350243,145.772774,1.882149,27.350990295410156,2
150,6.819592,3.599288,-8.47197,99.670717,1.482433,32.932594299316406,2
151,8.833759,6.259006,-0.0,161.798053,19.544601,44.223297119140625,2
152,14.900497,0.744816,-4.353421,71.301787,5.129689,47.76338577270508,3
153,21.106612,13.540742,8.733333,14.648687,18.955107,27.929166793823242,2
154,18.215525,14.171808,8.733333,118.198291,15.658172,50.795875549316406,3
155,17.648442,7.362961,4.666667,182.037566,19.201886,32.96620559692383,2
156,9.59061,7.33879,-0.0,38.753187,20.636044,45.34297561645508,2
157,21.211832,5.065791,4.669588,86.473558,3.073164,49.512088775634766,2
158,18.097886,13.500808,8.733333,149.831946,8.665803,12.807525634765625,1
159,16.728004,5.538702,4.792802,7.836897,21.572382,25.764202117919922,1
160,2.411439,1.668041,0.0,189.264998,14.185469,60.766780853271484,3
161,20.035521,11.703781,8.631714,152.734665,19.721015,26.26543617248535,1
162,17.93921,5.846083,4.807981,111.76411,10.609069,42.243717193603516,2
163,5.833761,3.625369,-8.465044,36.768589,0.310048,19.74207878112793,1
164,14.428594,6.058682,4.081164,99.589763,13.703368,67.71912384033203,3
165,8.143736,1.446818,-5.738259,103.56912,5.084098,38.307132720947266,2
166,12.919736,1.979599,-4.405282,198.848602,11.603547,44.88340377807617,2
167,17.269648,14.130759,8.733333,170.970337,15.949823,39.5823974609375,2
168,17.520796,14.342018,8.733333,192.480788,13.363147,32.05089569091797,2
169,11.044931,8.628129,-0.0,135.788202,12.944062,59.28230667114258,3
170,6.286198,0.896693,-8.684409,80.700278,9.535566,45.119178771972656,2
171,3.901165,3.521699,0.0,186.995817,5.371804,38.33449172973633,2
172,20.725183,5.297379,4.712156,95.896909,9.437128,46.606624603271484,2
173,18.647091,12.317911,8.733333,46.358322,0.223904,25.394712448120117,2
174,20.533068,0.231052,-4.333333,79.25805,13.394072,70.09371185302734,3
175,4.137105,0.645357,0.0,141.015495,21.075454,40.101226806640625,2
176,20.464146,2.53485,-4.342494,111.711807,2.099824,39.42222595214844,2
177,19.481835,9.736732,4.733317,151.32614,0.782992,25.625675201416016,1
178,17.341124,10.975836,8.542115,199.096212,19.497172,21.914966583251953,1
179,15.121503,9.716189,4.729755,192.486281,5.43271,22.081697463989258,1
180,10.688896,6.763856,-0.0,107.013421,0.196131,55.1014518737793,3
181,18.578134,8.205133,4.666667,192.774026,17.928246,37.15764617919922,2
182,8.459148,4.444812,-2.073231,23.125176,3.090988,37.64071273803711,2
183,11.865513,11.170392,4.852979,10.289659,19.357062,35.663658142089844,2
184,17.540713,2.834325,-4.353895,60.869789,2.098289,42.87833023071289,2
185,18.153602,10.301632,5.277444,116.038367,7.756322,35.10137939453125,2
186,16.518601,2.752667,-4.34996,106.19289,13.055252,62.99124526977539,3
187,16.103764,5.527269,4.788694,180.241619,12.873996,41.87558364868164,2
188,14.670875,9.384278,4.35489,108.110085,14.688999,65.4526138305664,3
189,15.726928,11.703412,8.631511,86.396122,14.256597,63.11160659790039,3
190,18.178819,1.216887,-4.333333,108.533397,9.534119,41.41215515136719,2
191,16.499008,13.94079,8.733333,142.482961,3.074693,14.907400131225586,1
192,20.077833,11.63569,8.591082,3.334943,16.542449,39.456565856933594,2
193,18.899776,7.301874,4.666667,160.184176,5.319309,26.15874671936035,2
194,19.715686,6.537879,4.695949,28.501865,14.310105,53.11595916748047,2
195,14.437108,6.701756,4.114688,95.694895,18.862229,55.77081298828125,3
196,15.658775,4.595242,2.783609,51.367071,1.85615,43.43828582763672,2
197,21.294236,7.62763,4.666667,73.818338,21.385962,46.47886276245117,3
198,14.027321,7.661573,3.686226,132.352983,0.692119,32.700077056884766,2
199,12.848734,12.264416,8.443303,33.921763,18.3789,34.138023376464844,2
200,20.657168,11.922471,8.721061,55.756804,18.385694,43.306495666503906,2
201,17.450629,9.664772,4.722442,39.644359,1.096865,31.196741104125977,2
202,11.474248,5.679141,-0.0,39.014307,12.009497,56.00654220581055,3
203,21.970553,12.173707,8.733333,65.36793,20.749736,36.58030700683594,2
204,11.132492,7.992384,-0.0,176.067572,7.072408,39.98024368286133,2
205,16.182346,5.260907,4.702901,94.220373,17.74227,59.8942985534668,3
206,18.87351,14.085023,8.733333,80.793874,13.230773,62.022300720214844,3
207,16.570469,13.139142,8.733333,35.846295,17.37165,39.05265808105469,2
208,10.207085,8.252345,-0.0,193.784999,17.582071,48.94687271118164,3
209,9.655407,9.337126,-0.0,81.491148,1.090425,63.10893249511719,3
210,14.361964,8.805671,4.037826,168.897479,6.23037,27.684917449951172,2
211,6.59266,3.116134,-8.586166,123.065019,14.37605,56.717185974121094,3
212,17.206194,4.518695,2.39923,75.322216,10.772418,65.95015716552734,3
213,12.595643,7.06385,1.522399,175.43635,21.402749,31.205352783203125,2
214,19.0621,3.457322,-4.386656,156.970485,16.466778,61.0714111328125,3
215,19.518936,12.664632,8.733333,92.990857,12.492505,55.46308517456055,3
216,13.815802,2.921464,-4.397245,162.795385,6.577212,26.120195388793945,2
217,6.680307,3.388827,-8.524302,179.688827,5.634415,13.897146224975586,1
218,21.171572,2.560621,-4.343262,85.847709,19.504403,67.78466796875,3
219,8.345984,3.414964,-5.567559,66.865884,9.829619,45.82052993774414,2
220,20.83368,6.53548,4.696226,119.329421,17.95172,49.93833541870117,2
221,8.545251,4.666534,-1.297187,180.398162,2.163421,34.376766204833984,2
222,16.89498,13.850695,8.733333,140.41329,18.911056,31.124141693115234,2
223,7.813469,6.453111,-0.0,75.49102,0.607838,62.41995620727539,3
224,15.080249,2.772245,-4.350893,146.991185,19.781442,49.527679443359375,2
225,15.095234,13.573215,8.667792,190.820557,19.798581,21.352277755737305,1
226,15.025269,14.696226,8.659457,108.562623,11.530332,41.18608856201172,2
227,17.732179,6.58305,4.690795,108.021166,2.644389,40.908329010009766,2
228,8.731312,1.666788,-5.316367,62.221928,3.91147,40.732425689697266,2
229,15.847312,3.87097,-4.413557,14.246914,15.534367,45.7180061340332,2
230,12.222486,6.130798,0.639517,36.396093,18.289915,53.71494674682617,3
231,17.126975,8.923441,4.666667,18.597785,0.766344,23.132022857666016,2
232,4.32432,3.933176,0.0,92.69785,16.672452,75.4234390258789,4
233,20.841224,9.042646,4.667236,1.866502,21.056468,28.46909523010254,2
234,19.739978,10.668237,6.763737,183.005182,7.543151,15.556158065795898,1
235,17.254007,3.326201,-4.37879,128.548348,14.041362,61.88404083251953,3
236,18.21764,1.761265,-4.333333,0.283812,7.546128,28.520999908447266,2
237,11.177111,4.450138,-1.738763,6.077054,4.762371,37.11031723022461,2
238,15.410189,4.781675,3.62109,41.694045,17.296414,53.56452941894531,3
239,15.361801,6.362501,4.718337,90.993229,15.907979,68.93912506103516,3
240,15.241145,7.617874,4.68701,25.453207,6.134456,24.440725326538086,2
241,6.981429,1.282737,-8.634364,1.729538,12.813491,33.180381774902344,2
242,8.42816,3.937234,-5.395471,145.41592,9.262127,27.32435417175293,1
243,16.524733,12.015219,8.733333,70.823293,2.025512,37.595191955566406,2
244,5.348179,0.438304,-8.727003,156.089189,0.528601,14.327141761779785,1
245,20.422458,13.932812,8.733333,87.331328,10.805208,44.541046142578125,2
246,21.846521,10.954963,8.386298,87.310956,6.121874,38.96637725830078,2
247,7.769142,7.329135,-0.0,9.842636,7.474658,38.15996551513672,2
248,15.814061,8.677876,4.668155,9.92638,6.321691,22.067527770996094,2
249,5.165023,3.559254,-8.48226,18.220035,3.759871,17.603574752807617,1
250,19.008163,6.882732,4.66901,118.807406,8.783793,35.868560791015625,2
251,21.918004,14.446328,8.733333,48.216811,15.348291,53.796329498291016,3
252,9.125805,8.202086,-0.0,168.27382,4.480882,38.94575119018555,2
253,21.140489,7.817037,4.666667,171.442553,14.659183,49.78291320800781,2
254,3.810674,3.473916,0.0,192.72244,9.747454,41.82505798339844,2
255,17.363008,7.333466,4.666667,97.779957,9.532496,45.8465461730957,2
256,19.266624,9.360901,4.685331,44.06202,3.855268,34.15397644042969,2
257,16.496783,10.187033,4.994528,45.241728,4.250451,33.92454147338867,2
258,20.158039,5.932728,4.791327,107.357561,13.561269,62.7951774597168,3
259,20.334747,5.51155,4.782299,152.421942,5.918233,26.202075958251953,1
260,19.314131,14.81973,8.733333,69.51343,12.312914,51.28196334838867,3
261,3.521156,0.566083,0.0,92.246352,20.785248,57.7332878112793,4
262,15.17729,13.27752,8.677381,127.864752,15.718376,47.05142593383789,2
263,15.2112,13.699302,8.681141,183.467208,14.942832,37.66563415527344,2
264,12.363351,11.942758,7.566711,32.314515,21.106373,22.654083251953125,1
265,3.675054,1.480684,0.0,143.127081,17.057355,57.215553283691406,3
266,15.068393,3.928068,-4.417573,115.547775,13.369993,61.93849563598633,3
267,20.976069,5.030353,4.667477,86.659795,20.856052,49.26792907714844,3
268,14.379943,10.195919,4.140148,176.848557,1.312116,25.343544006347656,2
269,10.241047,2.048297,-4.720182,78.610351,5.911672,49.49691390991211,2
270,21.825002,10.818412,7.517348,35.795031,21.706961,21.52947425842285,1
271,20.889893,1.601428,-4.333333,126.666716,16.988548,62.21187973022461,3
272,18.057122,9.80636,4.743951,124.800111,10.457795,35.60459518432617,2
273,21.829361,7.412609,4.666667,65.588319,14.97979,71.3888931274414,3
274,19.595047,11.685776,8.621426,160.593063,9.172565,13.603119850158691,1
275,14.521653,10.725556,5.800858,199.895572,8.363282,18.96760368347168,1
276,19.149088,13.555808,8.733333,196.195632,4.691949,8.6464262008667,1
277,15.472489,13.363838,8.705832,25.407388,8.424636,11.668535232543945,1
278,10.032391,5.012446,-0.0,46.448029,0.652691,49.463966369628906,3
279,18.316035,10.481187,5.963657,4.726493,10.391063,22.630693435668945,1
280,13.013578,2.967147,-4.408908,121.486522,7.334199,34.03221130371094,2
281,9.324615,0.458114,-5.030455,22.161864,21.468586,36.67026138305664,1
282,17.693041,11.161114,8.695623,81.491902,12.219758,54.85118865966797,3
283,18.382625,7.500337,4.666667,176.815361,18.61868,36.07133102416992,2
284,15.835805,7.198832,4.667908,109.626555,8.977397,40.29331588745117,2
285,18.221985,13.570834,8.733333,73.800615,10.1644,40.286865234375,2
286,16.648049,9.148,4.670331,41.669197,18.178748,46.96466827392578,2
287,15.783025,9.264996,4.677275,88.188655,21.80647,44.59829330444336,3
288,13.643919,12.891635,8.427612,191.23923,11.526848,26.91504669189453,2
289,19.218792,12.082341,8.733333,24.805183,20.359612,21.364397048950195,1
290,21.948687,8.650823,4.666667,94.152649,16.258481,66.39533996582031,3
291,9.570807,2.743837,-4.963858,171.379266,12.483461,48.72420883178711,2
292,21.471133,3.59898,-4.395353,8.678094,21.313109,36.795135498046875,2
293,16.312587,13.297679,8.733333,138.325029,18.138987,34.71224594116211,2
294,19.552764,0.430112,-4.333333,195.797093,21.111404,38.13485336303711,2
295,14.010473,7.348521,3.667857,56.65358,14.219613,68.97445678710938,3
296,10.572923,2.518907,-4.641869,26.7561,8.350617,30.397964477539062,2
297,16.273963,14.68021,8.733333,137.055937,10.484643,21.04119110107422,1
298,12.111518,10.690417,3.91427,181.890911,20.061576,30.942176818847656,2
299,11.984151,7.507074,-0.0,122.173796,0.326785,48.03759765625,3
300,17.909733,7.066326,4.666667,179.996559,3.447265,24.83932113647461,2
301,17.417359,0.894283,-4.333333,38.68675,10.374493,36.73214340209961,2
302,18.395751,10.229579,5.0868,150.884916,11.945817,39.692867279052734,2
303,0.845878,0.636467,0.0,69.252143,1.313203,60.28647232055664,3
304,18.718719,1.071682,-4.333333,83.725083,14.476667,74.73006439208984,3
305,20.899036,7.824748,4.666667,31.143966,19.571977,35.84569549560547,2
306,17.293327,1.45095,-4.333333,163.800117,2.411917,26.108436584472656,2
307,12.687214,12.272228,8.468529,124.984706,9.631009,21.496536254882812,1
308,15.945527,12.263206,8.731688,147.712084,6.165062,13.627002716064453,1
309,18.699423,10.836594,7.62125,161.022484,21.675419,18.924259185791016,1
310,16.657337,2.247982,-4.335593,13.444532,13.392692,43.43726348876953,2
311,12.609159,9.894079,1.550978,190.158063,5.582483,35.051109313964844,2
312,11.605172,7.778924,-0.0,99.515402,2.917524,57.9448127746582,3
313,19.578671,14.594618,8.733333,151.029181,11.990108,32.724822998046875,2
314,15.591375,9.734872,4.733045,148.481014,18.211686,41.06242370605469,2
315,18.23903,12.004959,8.733333,166.225915,18.414138,30.027257919311523,2
316,10.399282,6.806966,-0.0,31.300369,18.33367,53.26261520385742,3
317,9.233793,6.485873,-0.0,91.461744,4.48174,61.32465362548828,3
318,20.361119,12.379707,8.733333,123.620099,11.977189,38.76966857910156,2
319,17.164102,1.252047,-4.333333,186.436671,19.24874,47.231529235839844,2
320,20.689406,1.997565,-4.333333,167.017647,2.662002,25.85910987854004,2
321,4.693784,2.600829,0.0,179.084703,18.839717,45.25323486328125,3
322,8.804478,5.864067,0.0,116.503705,19.795072,53.24013137817383,3
323,13.415005,12.470696,8.379914,116.549361,4.793033,26.129484176635742,2
324,16.923388,12.050466,8.733333,170.985188,1.69354,12.184348106384277,1
325,4.983178,0.907068,0.0,6.97314,10.432734,41.366153717041016,2
326,20.333106,5.988867,4.779939,177.084019,18.370604,36.85466766357422,2
327,9.299991,7.903137,-0.0,81.546162,10.326657,65.64563751220703,3
328,6.947512,6.251992,-0.0,7.276406,9.102939,38.13322448730469,2
329,16.622419,9.852898,4.752172,149.229589,11.060418,35.68468475341797,2
330,19.137897,9.4196,4.691095,30.965754,2.759679,25.93075180053711,2
331,9.87622,4.379761,-2.420285,28.781666,2.910277,37.12595748901367,2
332,9.253512,6.474768,-0.0,121.191811,19.150458,54.338348388671875,3
333,7.61059,0.232307,-6.464851,50.896169,13.264904,49.07019805908203,3
334,16.282209,14.760956,8.733333,64.830841,5.836638,33.52695846557617,2
335,12.451661,2.507526,-4.387164,80.358184,19.025657,69.58123779296875,3
336,20.0892,1.593245,-4.333333,81.274664,1.278408,50.29689407348633,3
337,15.909212,5.586146,4.811359,77.238228,10.070585,51.3984489440918,2
338,4.903786,2.971776,0.0,121.960365,15.888612,68.21695709228516,3
339,13.073168,7.345315,2.42228,33.378145,7.457981,35.139305114746094,2
340,6.015837,5.092401,-0.0,37.618415,8.826837,45.792091369628906,2
341,18.14714,14.274457,8.733333,18.925774,11.593555,20.25080680847168,2
342,17.342944,13.804981,8.733333,64.637255,19.673186,41.27063751220703,2
343,21.948255,0.790155,-4.333333,153.919386,17.123934,60.13892364501953,3
344,19.940415,11.067871,8.723248,46.8236,1.526087,26.240131378173828,2
345,12.760654,4.036791,-3.200697,148.073094,6.13326,30.519485473632812,2
346,20.347319,6.342534,4.721335,138.563683,8.346136,26.88465118408203,1
347,10.113722,8.218064,-0.0,164.815643,19.022796,46.11851501464844,3
348,17.206082,14.141055,8.733333,165.59551,9.239128,13.326265335083008,1
349,20.857035,6.266162,4.732894,58.673587,5.277304,42.002681732177734,2
350,21.401483,14.745787,8.733333,61.873848,13.148399,52.299522399902344,3
351,16.993796,4.521824,2.415721,104.60596,10.546897,55.523826599121094,3
352,17.61717,10.516481,6.107471,65.059798,19.768045,46.871192932128906,2
353,14.116225,9.995083,3.761763,166.368502,20.563603,30.942161560058594,2
354,21.109942,8.086897,4.666667,162.058958,17.99351,40.471107482910156,2
355,11.91003,10.471583,3.369894,111.399652,15.595998,65.7682113647461,3
356,18.766464,9.997919,4.777408,52.592807,16.350853,60.159664154052734,3
357,15.167111,2.671987,-4.347191,136.11324,19.793615,50.863956451416016,2
358,18.649728,1.920216,-4.333333,46.730629,1.435276,37.62602233886719,2
359,17.779675,14.986206,8.733333,91.285073,7.390046,36.459564208984375,2
360,17.138249,2.566816,-4.343447,76.913379,0.095372,48.358924865722656,3
361,18.45543,0.489012,-4.333333,107.720288,18.218103,64.72378540039062,3
362,12.797655,8.417997,1.928486,198.340744,11.163578,40.05198669433594,2
363,18.072438,13.227998,8.733333,151.04408,8.055574,12.821330070495605,1
364,21.750335,10.03763,4.797118,196.09097,4.986074,21.53020668029785,1
365,13.372187,2.856499,-4.419783,46.956528,11.766298,46.310733795166016,2
366,10.974587,5.533748,-0.0,105.711818,6.368667,54.81566619873047,3
367,16.258164,6.910889,4.668067,10.287211,1.50416,22.035526275634766,2
368,17.348356,14.724569,8.733333,151.375094,1.869356,14.239867210388184,1
369,17.214457,2.346074,-4.337491,120.395953,1.503468,35.54762649536133,2
370,16.627136,12.832842,8.733333,171.433742,9.015963,12.781718254089355,1
371,15.74136,9.671468,4.723325,197.655428,2.71439,22.827001571655273,1
372,17.007246,5.644083,4.834722,185.896894,9.746365,25.275047302246094,1
373,21.478232,2.863855,-4.354945,81.902987,19.776674,68.2465591430664,3
374,11.528973,6.423795,-0.0,0.068292,7.780058,36.740901947021484,2
375,19.604407,7.230331,4.666667,108.175665,2.643919,40.90919876098633,2
376,16.731653,1.809174,-4.333333,41.546124,12.520443,46.71515655517578,2
377,21.397056,8.842612,4.666667,43.856718,19.25072,42.95920944213867,2
378,3.986805,3.392815,0.0,65.161253,7.668649,61.02154541015625,3
379,11.561525,5.769287,-0.0,19.189883,0.922262,39.306121826171875,2
380,17.528408,8.744796,4.666667,149.506732,3.131474,26.93825340270996,2
381,8.906869,3.777092,-5.434591,149.701791,1.685042,23.910541534423828,1
382,8.421348,4.35661,-2.555411,108.659887,16.291585,73.01225280761719,3
383,18.318727,9.256363,4.676667,67.626463,10.043553,50.651954650878906,2
384,15.234509,3.979214,-4.420571,166.466732,14.701485,63.64424133300781,3
385,18.055778,12.365644,8.733333,110.514436,15.383414,53.749820709228516,3
386,19.534763,14.739951,8.733333,191.508623,12.569859,28.630596160888672,2
387,11.479034,10.953732,4.580303,178.566664,13.831254,47.26553726196289,2
388,11.032335,5.158155,-0.0,71.300723,19.310806,66.18492126464844,4
389,14.73632,8.76104,4.421586,109.280379,14.571738,64.65387725830078,3
390,6.527014,1.616535,-8.668562,69.33635,19.259099,55.22969436645508,3
391,19.604846,13.594622,8.733333,124.560558,10.285374,24.539581298828125,2
392,20.733657,13.194806,8.733333,159.324937,3.109393,13.09837818145752,1
393,15.006489,12.266408,8.657195,149.17498,1.498958,14.96125316619873,1
394,17.134957,3.91092,-4.416725,25.107246,15.713333,47.24798583984375,2
395,10.717924,8.915344,-0.0,164.478801,6.775693,40.257266998291016,2
396,18.463038,0.337689,-4.333333,5.0301,14.765607,44.079681396484375,3
397,8.544002,6.37889,-0.0,82.885776,14.353258,85.46000671386719,4
398,14.872227,4.690783,3.217484,146.281494,11.683074,43.99475860595703,2
399,9.59079,2.422271,-4.92578,156.2748,15.732355,60.3782958984375,3
400,18.266883,2.681493,-4.347558,73.457183,11.105834,58.207916259765625,3
401,14.230837,6.343285,3.901431,148.973571,10.735986,35.87895965576172,2
402,11.492503,1.41344,-4.424309,178.453438,10.952443,38.92005920410156,2
403,20.398911,8.977855,4.666667,48.520677,20.591462,38.80630111694336,2
404,12.338438,7.063864,0.936709,25.919395,8.564197,37.88221740722656,2
405,15.635149,10.43924,5.796146,45.013576,2.577194,31.500295639038086,2
406,21.580537,10.498318,6.032546,70.002784,5.289318,44.83799362182617,2
407,10.103386,9.577961,-0.0,57.416923,15.067987,78.47374725341797,4
408,21.418714,0.504058,-4.333333,185.497601,18.46358,50.7180061340332,2
409,4.999363,1.032091,0.0,10.262751,21.343182,39.307430267333984,2
410,16.272471,4.793996,3.676069,118.533351,4.733731,39.574134826660156,2
411,16.194838,7.962964,4.666667,32.57978,16.727554,49.650516510009766,2
412,18.041792,9.816686,4.745742,167.681154,12.850263,43.116294860839844,2
413,11.84938,6.114288,-0.0,33.512186,8.864935,43.162689208984375,2
414,18.316594,12.299718,8.733333,100.440123,11.220887,41.6383171081543,2
415,19.880241,10.775384,7.285944,199.865896,10.904173,26.028209686279297,1
416,14.673598,14.52974,8.611165,71.08143,14.330104,63.205142974853516,3
417,9.146753,7.970009,-0.0,9.415542,16.361535,58.85624313354492,3
418,21.568534,4.877185,4.050634,42.732117,6.642976,35.94774627685547,2
419,14.882105,1.584438,-4.354095,79.567825,1.971463,49.81747817993164,3
420,12.132461,9.16438,0.395249,66.733636,18.171241,68.50772857666016,4
421,15.845242,11.682034,8.619239,45.920506,8.570914,23.404767990112305,2
422,8.261196,6.351794,-0.0,187.224036,17.056707,51.98079299926758,3
423,6.902296,1.362349,-8.640678,136.637757,3.94612,15.745664596557617,1
424,8.639058,3.997072,-5.377974,192.422759,2.405947,21.219572067260742,1
425,8.837047,2.304851,-5.257779,87.594636,19.913483,64.33158874511719,3
426,6.922549,4.21508,-3.143848,188.067331,19.279722,45.64956283569336,2
427,11.960151,6.601277,-0.0,1.166865,21.995436,36.49576950073242,2
428,9.621657,7.907141,-0.0,122.061406,19.013603,54.61708068847656,3
429,20.246235,6.861365,4.669901,160.215151,0.811305,25.070743560791016,2
430,13.966769,13.130574,8.49077,46.596307,11.983014,36.108543395996094,2
431,21.004533,7.770782,4.666667,186.493735,21.947556,20.702024459838867,2
432,17.284915,14.154339,8.733333,152.652555,11.242179,26.96065902709961,2
433,10.155043,9.565636,-0.0,165.289908,19.217268,45.22697448730469,3
434,16.979291,14.365409,8.733333,114.692718,1.544872,27.901302337646484,2
435,17.144578,3.610606,-4.395907,158.516333,21.725852,39.982730865478516,2
436,19.565307,10.141835,4.91433,65.808239,20.299695,47.388694763183594,2
437,13.961203,4.335969,1.195996,44.692395,12.41374,62.87714767456055,3
438,18.258881,10.077122,4.830309,62.477268,9.492165,46.56400680541992,2
439,20.769023,10.427107,5.747137,116.904696,7.43258,33.2646369934082,2
440,2.169429,1.019892,0.0,165.982828,15.855915,59.60696792602539,3
441,9.341854,3.821852,-5.347786,58.092498,0.300422,38.163509368896484,2
442,4.221583,3.3606,0.0,80.510878,8.229324,64.00309753417969,3
443,12.359793,10.017491,1.038607,172.41146,20.299075,37.431941986083984,2
444,19.387995,12.665882,8.733333,122.94791,12.022552,39.41717529296875,2
445,17.316255,5.166936,4.682901,198.237558,10.425511,29.067197799682617,2
446,20.742283,11.707795,8.633916,40.739775,10.923821,26.585887908935547,2
447,17.043471,10.129981,4.895781,165.441817,6.797364,23.821767807006836,1
448,1.648665,0.10073,0.0,135.172324,20.918426,41.78870391845703,2
449,20.998195,9.032557,4.667101,49.789894,21.603852,34.65652847290039,2
450,18.766341,5.801568,4.816359,95.157125,11.298388,54.64800262451172,3
451,16.101827,13.739869,8.733333,79.815045,21.836976,37.84428024291992,2
452,11.96847,0.017266,-4.370462,119.88765,10.028561,38.396907806396484,2
453,21.77068,6.936737,4.667511,160.104553,9.372899,25.72420310974121,2
454,17.554694,6.365236,4.71793,21.013754,4.690725,23.45302963256836,1
455,19.570654,6.913745,4.668002,164.288439,4.251489,26.19732093811035,2
456,16.078931,11.552396,8.535071,168.217266,18.320593,30.586143493652344,2
457,12.914373,4.837077,1.602353,70.901249,15.986016,77.69430541992188,4
458,17.506577,11.771089,8.666506,86.013893,11.654405,51.16932678222656,3
459,11.087798,7.070357,-0.0,114.447844,18.239776,60.735816955566406,3
460,16.613043,0.536441,-4.333333,140.164946,11.261237,39.46147155761719,2
461,12.394333,2.638116,-4.385764,148.493951,12.143161,46.43402099609375,2
462,18.053582,10.826371,7.562424,151.57683,4.692268,17.161287307739258,1
463,11.686994,7.10229,-0.0,77.825753,12.932054,78.93885040283203,4
464,5.024967,2.290818,-8.716642,85.860497,3.140791,38.1956901550293,2
465,13.146029,5.116869,2.543002,191.268932,1.148918,28.70877456665039,2
466,13.782635,9.110838,3.413241,114.594273,15.032774,65.82454681396484,3
467,17.947919,2.876179,-4.355348,169.944411,13.388309,57.0147590637207,3
468,19.60004,11.076403,8.721317,55.269063,4.832431,29.603784561157227,2
469,15.914794,3.642744,-4.397472,124.464723,8.938159,33.58938980102539,2
470,14.861255,13.761365,8.638011,117.672337,13.857975,49.84490966796875,3
471,4.423155,4.035924,0.0,192.693693,12.216768,51.171051025390625,3
472,17.370625,11.4825,8.510094,17.180539,2.806739,13.412726402282715,1
473,8.596651,2.82993,-5.395687,100.099778,3.722363,41.26439666748047,2
474,20.928308,4.312473,1.049106,104.317935,0.021987,54.96445846557617,3
475,21.605979,1.366702,-4.333333,18.0332,9.199574,30.549083709716797,2
476,12.471489,8.643141,1.250697,180.933296,10.746685,41.81865692138672,2
477,19.659728,10.250449,5.138845,176.877788,3.517115,22.961355209350586,1
478,20.566222,8.198897,4.666667,87.797933,14.670449,72.27864074707031,3
479,15.715753,6.385933,4.714873,156.344523,0.394248,25.176124572753906,1
480,20.569537,9.666642,4.722727,29.693005,2.632858,25.068531036376953,1
481,21.308701,9.714264,4.729413,123.963185,20.946757,35.26765823364258,2
482,16.673416,10.185251,4.99106,52.124736,21.468787,35.61408615112305,2
483,18.614831,9.536801,4.704946,89.131242,0.68012,49.62228012084961,2
484,18.689239,14.177612,8.733333,168.799902,10.865401,23.38347625732422,1
485,3.62185,3.134024,0.0,39.240984,18.979887,53.309120178222656,3
486,15.712163,10.639226,6.63283,60.770325,5.343276,39.423362731933594,2
487,15.471957,3.543459,-4.392056,96.658914,18.353944,66.84493255615234,3
488,12.323964,1.790944,-4.38265,67.562409,17.899006,65.21912384033203,3
489,13.908833,9.109559,3.557201,159.697166,13.837408,52.10010528564453,3
490,21.041434,6.752065,4.676074,197.497515,0.04924,21.922649383544922,2
491,19.422687,6.880882,4.669085,31.809511,8.353927,28.371187210083008,2
492,20.178337,9.929171,4.765516,47.375957,19.896925,41.30900573730469,2
493,15.44567,11.554283,8.536434,140.447327,14.967737,42.9738883972168,2
494,15.187172,5.25327,4.700766,75.094333,8.334109,50.8768310546875,2
495,20.461728,9.930144,4.765725,194.740981,13.903004,45.45758056640625,2
496,20.952144,6.242379,4.736408,194.461111,5.351929,21.835947036743164,1
497,18.893158,12.628937,8.733333,128.73961,12.571088,40.30887985229492,2
498,14.459421,12.493752,8.577683,172.019775,21.598033,16.060733795166016,1
499,15.716216,3.846615,-4.411708,80.37668,18.693004,69.98017120361328,3
500,10.124033,9.201911,-0.0,126.38616,6.235772,45.5250244140625,2
501,14.129484,8.733737,3.796463,197.047328,15.014069,49.61782455444336,3
502,17.374042,8.11109,4.666667,111.895481,7.87874,39.741973876953125,2
503,21.406786,13.049115,8.733333,186.718383,21.712389,13.968141555786133,1
504,18.591748,3.971685,-4.419861,144.068641,1.847699,27.263301849365234,2
505,13.119339,4.771111,1.742182,96.807703,5.506729,55.417625427246094,3
506,17.083468,1.788218,-4.333333,127.806219,17.849626,60.70610809326172,3
507,17.393184,14.097442,8.733333,177.527373,1.857308,11.446321487426758,1
508,21.652496,9.683278,4.724795,39.74735,11.687587,43.05710220336914,2
509,21.821929,7.191948,4.666667,79.073255,17.613706,65.04275512695312,3
510,20.314037,9.589754,4.711523,198.43506,16.254111,43.55810546875,2
511,13.548716,8.170742,3.13036,80.470323,3.116586,54.07338333129883,3
512,15.298598,9.709672,4.728601,131.771296,9.633674,28.9642391204834,2
513,11.572862,8.158289,-0.0,180.269625,7.708368,40.101295471191406,2
514,19.588923,10.815699,7.502121,199.076355,10.526945,22.47646713256836,1
515,20.340679,7.83743,4.666667,130.632656,12.922875,49.708797454833984,2
516,21.387834,14.905569,8.733333,21.687286,3.207725,13.788872718811035,1
517,13.73116,3.280149,-4.402278,7.222806,19.917273,38.63267517089844,2
518,13.811684,1.586974,-4.397398,123.618248,14.084273,63.228214263916016,3
519,4.675779,1.645462,0.0,113.428872,3.584671,51.34552764892578,3
520,19.889357,0.953871,-4.333333,192.392932,12.450033,51.13446807861328,2
521,13.244055,6.0687,2.70013,149.221094,20.495555,35.54924011230469,2
522,9.867117,6.725594,-0.0,132.50322,17.228241,58.58052062988281,3
523,20.342961,5.487243,4.773315,104.662664,15.085117,66.24394226074219,3
524,19.495888,11.45257,8.531563,51.978856,10.256824,30.471818923950195,2
525,20.521495,9.418446,4.690964,192.398753,5.726998,22.1224422454834,2
526,14.548971,11.579706,7.260643,108.040808,12.5239,53.7634391784668,2
527,19.383456,13.992804,8.733333,6.054033,5.472955,11.451864242553711,1
528,19.512688,14.591113,8.733333,139.262893,7.024635,14.323362350463867,1
529,5.228596,2.880425,-8.633221,103.943232,20.037649,55.306175231933594,3
530,10.195628,2.083113,-4.732598,11.806111,19.474841,38.933441162109375,2
531,13.625212,10.443995,3.801061,178.007247,17.480967,42.67953872680664,2
532,16.165465,1.4073,-4.333333,66.040449,20.367816,60.48279571533203,3
533,11.882151,7.881066,-0.0,45.94024,3.934479,50.06916427612305,3
534,20.54213,7.955163,4.666667,22.789728,11.385905,34.53961944580078,2
535,20.424833,12.917097,8.733333,62.184543,13.794117,57.13249588012695,3
536,13.016798,7.2728,2.324046,45.686464,20.090012,45.413970947265625,3
537,13.917164,5.901845,3.53212,130.399433,14.607302,58.993499755859375,3
538,18.359474,10.071467,4.824627,13.232025,8.562242,23.376428604125977,1
539,20.197747,11.118869,8.70998,55.086276,16.280167,52.845245361328125,3
540,16.457049,7.800787,4.666667,56.364048,17.987967,54.473793029785156,2
541,14.862257,5.21569,4.554078,176.013252,13.207585,44.57649612426758,2
542,8.689305,2.249959,-5.340172,88.866072,1.869935,47.075313568115234,2
543,14.82012,8.791381,4.509458,151.182824,20.291876,32.255226135253906,2
544,16.82891,3.93218,-4.417626,120.659275,1.179152,35.260250091552734,2
545,19.533991,0.666811,-4.333333,156.653187,11.594549,42.813621520996094,2
546,19.019855,11.323999,8.615687,22.786128,2.614772,14.01211929321289,1
547,3.983478,3.64178,0.0,195.712777,8.363146,40.526981353759766,2
548,17.003277,6.636035,4.685608,169.719335,17.882316,40.009498596191406,2
549,15.440066,10.316941,5.325244,10.1293,5.37011,19.960851669311523,1
550,12.661307,5.388423,1.660498,93.240367,19.457299,59.41150665283203,3
551,12.327228,11.045101,4.803678,65.130655,15.678229,68.87654876708984,3
552,19.020195,5.920612,4.793094,126.041025,8.319266,31.958311080932617,2
553,14.067887,10.251238,3.880824,46.059833,5.476231,38.06124496459961,2
554,13.377386,10.560711,3.894246,115.976995,5.562782,40.71150588989258,2
555,11.900513,6.634581,-0.0,120.631264,16.879359,64.3987045288086,3
556,8.448564,0.293664,-5.493752,119.975819,1.096961,32.361263275146484,2
557,14.274577,4.962868,3.811453,89.685576,15.076348,74.36865997314453,3
558,15.150465,6.364642,4.718018,7.084692,13.646119,45.727134704589844,2
559,11.15746,4.054056,-4.159855,102.762967,16.427062,68.99919891357422,3
560,10.537888,2.955807,-4.690947,81.546032,21.499624,63.35144805908203,3
561,17.311574,12.325818,8.733333,21.609207,8.446097,11.123509407043457,1
562,16.674196,6.448821,4.706711,91.975126,5.724523,49.4217529296875,2
563,21.573775,13.316564,8.733333,90.176551,19.30433,46.80377197265625,3
564,17.520855,5.867745,4.804052,110.228067,17.734112,53.936092376708984,2
565,15.722864,11.536716,8.52406,161.080863,10.144664,18.812334060668945,1
566,19.30185,5.951873,4.787367,140.170015,2.001157,26.662338256835938,1
567,13.453938,12.127711,8.388592,174.447101,12.413914,31.06460189819336,2
568,11.971569,11.326156,5.100902,10.43843,4.122424,20.55813980102539,1
569,7.037451,5.660933,-0.0,43.936262,11.697171,57.632896423339844,3
570,6.31497,3.240284,-8.558911,91.928402,7.810733,37.16419219970703,2
571,15.14496,11.856108,8.673627,191.706719,6.925237,8.775476455688477,1
572,16.581092,14.239559,8.733333,158.009071,15.988312,41.0773811340332,2
573,5.113069,4.913482,-0.228826,90.374922,11.347003,67.0883560180664,3
574,16.510592,10.068966,4.822126,66.685637,17.394188,61.533721923828125,3
575,8.050353,6.579675,-0.0,11.819063,4.498837,38.307647705078125,2
576,13.894032,12.502509,8.477113,148.181061,14.918334,42.2114372253418,2
577,18.139086,11.532814,8.521278,101.358905,1.154682,35.750431060791016,2
578,19.257986,2.508803,-4.341723,39.985083,17.625792,49.48235321044922,2
579,21.766183,12.929707,8.733333,85.43871,14.92851,63.648258209228516,3
580,18.930672,14.848082,8.733333,33.738056,20.812197,22.06538200378418,1
581,21.95501,7.716352,4.666667,150.338918,2.014279,26.1630802154541,2
582,18.099835,13.264215,8.733333,73.670168,19.985644,43.8068733215332,2
583,15.613932,8.820391,4.672405,188.363559,11.218967,34.047698974609375,2
584,8.828683,2.321285,-5.262179,3.434508,13.527878,40.08458709716797,2
585,11.168861,2.997942,-4.513965,165.811182,6.953566,25.76557159423828,2
586,13.921916,6.104323,3.571561,125.318195,1.704725,36.20840072631836,2
587,11.995614,11.230586,4.945223,107.749303,18.713509,50.325382232666016,2
588,20.920473,12.383757,8.733333,130.101527,3.179592,18.994062423706055,1
589,12.505512,11.849445,6.581448,145.325906,8.150687,20.038288116455078,1
590,12.2899,4.777864,0.152055,18.897713,13.692612,57.27043151855469,3
591,19.574714,8.010962,4.666667,175.514787,21.946142,21.992218017578125,2
592,9.496693,1.34926,-4.961276,2.872429,11.381571,32.11359405517578,2
593,14.144104,1.675586,-4.382472,58.860525,21.791247,53.28740692138672,3
594,18.380865,2.044388,-4.333553,35.982976,4.983758,32.76091384887695,2
595,20.655274,10.179785,4.980457,185.258854,8.756114,22.906057357788086,1
596,20.996135,7.427655,4.666667,13.636087,15.324511,54.07650375366211,2
597,6.500011,2.845656,-8.639526,116.218646,1.422097,24.873241424560547,2
598,11.193901,7.425087,-0.0,127.430245,16.448555,63.80366516113281,3
599,19.979183,2.214123,-4.335093,130.253853,9.248809,32.05919647216797,2
600,13.38928,0.824612,-4.418594,172.924403,17.848983,54.908668518066406,2
601,17.415825,12.76069,8.733333,11.190506,8.351316,10.017566680908203,1
602,16.73746,8.408393,4.666667,163.371035,7.019492,25.01034927368164,2
603,20.54529,13.944133,8.733333,105.784493,21.693123,30.82597541809082,2
604,16.593324,10.450008,5.839837,138.870112,15.79998,50.4051513671875,2
605,11.421003,8.741864,-0.0,42.480979,9.090034,49.201812744140625,2
606,16.665062,12.230958,8.733333,108.655989,2.169865,30.528465270996094,2
607,16.957154,13.185209,8.733333,140.504054,16.160301,42.92283248901367,2
608,21.756723,14.833674,8.733333,191.286911,14.020738,34.826805114746094,2
609,13.644188,0.007836,-4.406215,88.908433,1.624521,49.92076873779297,2
610,19.252898,12.981579,8.733333,17.079566,2.65118,12.928318977355957,1
611,18.414888,9.188497,4.672195,11.46803,21.595117,25.91017723083496,2
612,17.329813,14.849253,8.733333,125.890097,10.929587,29.08268165588379,2
613,15.196907,7.915201,4.689062,159.235813,0.4931,25.029682159423828,2
614,15.435911,7.192851,4.678442,138.238267,1.184294,27.083139419555664,2
615,13.582003,12.020214,8.414768,69.061572,3.099224,37.31672286987305,2
616,13.86197,3.417644,-4.395568,189.363333,19.656435,45.20457077026367,2
617,17.565923,7.471414,4.666667,104.038064,10.248042,44.3119010925293,2
618,17.132206,13.512787,8.733333,190.762605,12.338848,28.067163467407227,2
619,19.809285,8.619918,4.666667,14.719127,10.87804,31.309326171875,2
620,19.495902,12.677673,8.733333,41.40639,1.491281,23.428720474243164,1
621,15.011286,11.079604,8.657774,155.005563,19.748224,25.80542755126953,1
622,14.790039,8.789806,4.477692,182.837564,6.348437,24.032512664794922,2
623,10.77156,3.701018,-4.740426,156.51013,5.91903,25.321359634399414,1
624,19.305813,9.996243,4.777112,59.106839,13.072272,63.336490631103516,3
625,16.486721,1.252242,-4.333333,30.369144,10.469339,34.26789855957031,2
626,14.81546,9.389397,4.504529,169.582104,8.102843,24.56772232055664,2
627,18.298745,9.914168,4.762326,156.970918,14.423444,50.99754333496094,2
628,21.394405,10.946278,8.32336,54.1663,20.640409,32.96660232543945,2
629,20.136046,13.361282,8.733333,45.562141,13.649354,45.271751403808594,2
630,19.860847,14.734548,8.733333,64.204643,6.222482,33.170127868652344,2
631,12.679571,11.535436,5.488821,165.912361,4.513988,22.136308670043945,1
632,13.899315,8.721697,3.546727,164.436439,9.66095,30.871479034423828,2
633,18.696431,13.924696,8.733333,114.13657,0.599505,28.91429901123047,2
634,14.810487,8.701355,4.49927,114.365927,19.276055,46.43331527709961,2
635,1.3494,0.254744,0.0,57.203654,13.422029,72.35721588134766,4
636,6.429434,1.812894,-8.675279,139.826712,4.479032,15.474103927612305,1
637,20.497862,12.940661,8.733333,159.251589,11.43817,28.445791244506836,2
638,7.494981,7.264448,-0.0,88.317811,1.184135,62.94884490966797,3
639,20.728809,12.672835,8.733333,89.243122,18.968123,48.592227935791016,3
640,4.613375,3.141076,0.0,93.132482,9.744563,60.969295501708984,3
641,17.460711,8.28437,4.666667,55.807837,12.056201,55.3549919128418,2
642,15.726778,9.448251,4.694355,135.075064,12.470938,45.26251983642578,2
643,5.171121,0.479865,-8.73029,180.732905,14.96869,55.144187927246094,3
644,16.525549,9.220701,4.674168,181.70518,8.170329,22.948158264160156,2
645,7.460092,5.436172,-0.0,149.439389,1.721032,40.062965393066406,2
646,15.009977,0.742989,-4.349639,52.102301,10.039716,42.997074127197266,2
647,16.131346,7.34355,4.666667,137.927568,1.052564,27.16486930847168,2
648,3.957492,2.887656,0.0,26.366133,16.241654,61.51264190673828,3
649,2.981779,1.846256,0.0,24.700166,0.836034,40.02577590942383,2
650,5.967357,3.082413,-8.593288,38.180571,20.993375,35.62800598144531,2
651,2.586265,2.197724,0.0,29.14642,16.332191,61.76823806762695,3
652,11.175751,2.836083,-4.499808,117.008723,20.62389,54.096248626708984,2
653,18.416215,0.639786,-4.333333,14.672338,11.294008,34.924285888671875,2
654,17.228078,9.527969,4.703766,164.465244,5.299906,25.521377563476562,1
655,13.471741,4.228003,0.218071,144.580595,5.719236,40.77736282348633,2
656,20.104903,8.07895,4.666667,185.171608,16.697432,43.31092834472656,2
657,11.55806,10.427446,3.222478,98.52772,21.853541,43.725669860839844,3
658,20.665538,7.48674,4.666667,130.97658,7.847526,30.370040893554688,2
659,9.545251,8.037016,-0.0,178.024696,16.562873,55.17081832885742,3
660,14.599302,6.677747,4.280733,107.705115,2.421067,42.36146545410156,2
661,4.742292,1.858984,0.0,56.441033,13.134995,70.63903045654297,3
662,15.54714,7.355359,4.674568,195.191504,9.473094,24.973390579223633,2
663,12.837128,12.794972,8.445122,7.285103,16.075796,41.917659759521484,2
664,19.925549,13.108911,8.733333,65.248915,5.745876,33.73196029663086,2
665,19.284999,4.054415,-2.725191,194.602725,2.085769,29.267118453979492,2
666,20.430161,3.12692,-4.367753,73.006525,9.921197,51.76325225830078,2
667,21.823742,8.474694,4.666667,61.829924,14.081639,68.32913970947266,3
668,15.865965,9.604677,4.713501,24.182477,2.904854,23.83735466003418,1
669,10.52885,6.255434,-0.0,183.153141,9.962093,42.663604736328125,2
670,4.994862,3.089633,0.0,27.095641,14.348391,61.21177673339844,3
671,18.17057,14.218997,8.733333,66.423578,18.193963,48.96981430053711,3
672,13.393544,1.231068,-4.418301,179.495978,6.777692,25.547260284423828,2
673,17.159492,1.585641,-4.333333,99.929756,8.851999,44.18364334106445,2
674,3.779033,2.130617,0.0,123.057648,19.453089,52.34841537475586,3
675,15.400079,2.496907,-4.341372,116.626594,15.412749,66.74424743652344,3
676,15.872579,9.31438,4.68104,139.650785,5.32119,28.366172790527344,2
677,10.896724,8.605646,-0.0,5.866469,16.7163,57.801029205322266,3
678,20.69627,0.781168,-4.333333,105.576538,6.400366,41.453155517578125,2
679,18.710769,13.968021,8.733333,6.414569,6.103652,10.95959758758545,1
680,15.807784,10.929925,8.20707,165.428465,0.134372,15.139111518859863,1
681,21.365036,11.067625,8.723304,67.997241,8.243645,34.951053619384766,2
682,14.757353,0.951068,-4.358012,169.342192,9.612521,31.0709285736084,2
683,17.016328,12.906608,8.733333,49.213913,6.694566,25.913042068481445,2
684,20.720157,14.016077,8.733333,116.29825,6.398927,24.739810943603516,2
685,18.618987,14.765975,8.733333,187.535376,5.335359,9.557981491088867,1
686,17.933271,12.884082,8.733333,9.557458,20.607039,20.68404769897461,1
687,18.731353,11.783385,8.672293,10.795532,18.924185,28.31812858581543,2
688,12.951234,7.700661,2.210471,4.123607,8.739022,30.209177017211914,2
689,7.290951,2.664037,-7.306979,136.295703,10.54722,28.999692916870117,2
690,15.253867,5.978842,4.781913,119.725705,12.429914,52.547088623046875,2
691,19.338935,2.008969,-4.333378,22.806007,10.771627,34.250701904296875,2
692,9.223955,0.463343,-5.072842,159.24907,5.935856,24.158199310302734,1
693,14.978235,14.087126,8.653576,123.570117,21.774283,24.151796340942383,2
694,12.278198,4.519591,-0.473203,14.042705,4.040865,39.43621826171875,2
695,9.706345,4.433008,-2.133271,13.855795,18.956448,48.48781204223633,2
696,11.820011,4.994044,-0.018266,27.201478,0.717917,40.393341064453125,2
697,19.501457,7.006023,4.666667,157.778264,7.303076,25.49734115600586,2
698,14.678335,9.722976,4.362719,18.479692,16.472434,50.29138946533203,2
699,8.814642,0.378423,-5.269591,47.573758,14.176062,54.3267936706543,3
700,16.009388,12.633099,8.733333,48.729583,3.723235,27.18756866455078,2
701,10.294996,8.385488,-0.0,20.964443,20.948512,41.09391784667969,2
702,15.201706,12.811499,8.680174,171.670552,11.951945,29.92776870727539,2
703,6.675103,5.218188,-0.0,139.639953,5.531096,40.76450729370117,2
704,13.264301,6.6904,2.732283,146.748427,12.728591,50.26142501831055,3
705,6.26449,0.813592,-8.685699,130.106125,20.140485,49.191322326660156,2
706,8.412342,2.656613,-5.51963,103.254113,19.703124,60.5872802734375,3
707,15.065012,9.942121,4.767856,65.277627,10.615146,52.436729431152344,2
708,6.993436,4.962435,-0.109497,132.355239,9.74028,43.683414459228516,2
709,17.696603,13.477292,8.733333,23.513097,6.858609,12.251068115234375,1
710,16.061302,1.772328,-4.333333,29.563483,1.216903,31.25493621826172,2
711,16.573599,14.826269,8.733333,3.952933,16.583419,38.91844940185547,2
712,19.012416,8.099731,4.666667,192.858346,2.902845,23.615310668945312,2
713,11.448104,10.603761,3.737473,194.07458,7.830287,25.89961051940918,2
714,17.752562,14.992374,8.733333,24.772101,8.709161,11.343235969543457,1
715,4.377756,4.31774,0.0,93.482005,19.481467,62.94731140136719,4
716,9.700597,6.217838,-0.0,131.338801,0.46727,43.75288009643555,2
717,6.992143,6.972599,-0.0,58.037113,18.569776,63.683807373046875,3
718,13.453432,11.459356,5.51641,150.907328,6.337554,23.147981643676758,1
719,13.658994,12.273061,8.430765,111.62361,5.507543,28.142305374145508,2
720,6.99799,1.503323,-8.63303,85.558519,10.744352,49.468963623046875,2
721,6.052111,2.671754,-8.668865,53.438811,16.038795,49.68331527709961,3
722,7.696856,5.394524,-0.0,150.747215,4.457554,40.09958267211914,2
723,13.516659,0.85057,-4.412908,179.675265,4.758077,25.044809341430664,2
724,20.597821,7.828285,4.666667,145.688807,21.479359,27.50913429260254,2
725,20.971744,5.037735,4.667757,81.366027,13.051187,71.1978988647461,3
726,6.918265,2.635035,-8.639412,187.663168,6.696879,15.991338729858398,1
727,12.240182,3.1342,-4.379314,51.085491,21.289463,49.973236083984375,2
728,16.744331,13.577303,8.733333,106.632648,19.711336,39.054317474365234,2
729,16.347682,10.130868,4.897048,190.950974,4.18056,22.1453800201416,1
730,10.992954,7.027023,-0.0,53.549507,0.039585,52.642295837402344,3
731,14.250583,13.681987,8.542405,50.016924,15.658803,53.83574295043945,3
732,10.478623,1.560174,-4.656393,185.534544,19.089989,48.361122131347656,2
733,13.063726,11.183191,5.157117,13.71647,2.602774,20.79891586303711,1
734,11.330041,11.044012,4.716686,59.880077,0.858505,41.178958892822266,2
735,21.38489,8.427921,4.666667,118.316707,13.16028,56.79801559448242,3
736,11.046335,2.762911,-4.527959,40.659829,13.294897,48.94521713256836,3
737,21.498653,8.95817,4.666667,127.17664,11.361513,42.43794631958008,2
738,17.842029,4.499055,2.296075,159.674052,0.165163,32.24509048461914,2
739,2.15873,2.011844,0.0,100.34021,15.156534,79.15203094482422,4
740,15.981214,3.189023,-4.370866,130.162427,20.812448,48.3684196472168,2
741,19.47827,13.424125,8.733333,159.190997,19.217802,27.423782348632812,2
742,14.573182,1.071792,-4.364762,46.674754,2.492082,37.727806091308594,2
743,13.779199,3.637298,-4.399486,120.167788,7.800526,34.68061065673828,2
744,5.428843,0.806316,-8.724333,22.492476,5.32261,17.914567947387695,1
745,18.50032,6.625831,4.686532,103.153131,12.327333,60.90530014038086,3
746,5.170437,0.199248,-8.730302,167.568138,13.479996,50.64081954956055,3
747,16.625845,13.45787,8.733333,184.158022,6.6178,9.618484497070312,1
748,19.92218,2.949873,-4.359077,99.645586,17.559118,67.42562103271484,3
749,19.041444,1.400558,-4.333333,55.522224,17.504116,58.90162658691406,3
750,11.60862,4.610503,-1.05676,130.503992,17.18403,60.58412170410156,3
751,11.66176,6.840865,-0.0,183.459761,7.724166,40.00922775268555,2
752,13.986826,1.525041,-4.389112,101.967891,1.194542,44.01387023925781,2
753,21.365156,14.930846,8.733333,194.838297,15.591502,36.676353454589844,2
754,20.452978,4.981393,4.568099,39.455788,21.844426,29.108421325683594,2
755,14.836649,4.460202,2.075281,22.236997,3.574483,32.65056610107422,2
756,7.937732,0.930678,-5.953702,59.470859,2.498459,37.12152099609375,2
757,19.424743,4.47366,2.15542,79.283707,20.083259,60.63312911987305,3
758,10.120437,0.695269,-4.754122,84.151137,10.596454,54.88005065917969,3
759,20.620942,7.581422,4.666667,62.295072,18.739731,53.635498046875,3
760,11.77238,11.421388,5.297503,138.768634,17.818104,42.82652282714844,2
761,16.139457,9.46605,4.696403,18.374367,4.10871,23.100780487060547,1
762,16.145209,1.348375,-4.333333,80.417724,5.438397,50.58209991455078,3
763,4.940095,1.212936,0.0,59.036161,1.192155,55.5160026550293,3
764,15.138827,11.658608,8.605262,61.299356,13.397152,54.140567779541016,3
765,15.158123,13.577021,8.675159,21.112226,17.099113,36.623008728027344,2
766,12.511442,8.006579,1.340871,118.765521,11.24341,55.74825668334961,3
767,9.860921,1.637313,-4.831363,56.545503,0.610502,39.38418197631836,2
768,17.660428,12.387133,8.733333,31.044324,21.788476,16.324867248535156,1
769,5.896539,5.071466,-0.0,0.131734,11.020678,43.6150016784668,2
770,14.132377,4.409596,1.720931,56.719083,7.303945,51.45994567871094,3
771,14.164121,11.194701,6.553054,110.162175,3.825429,35.65423583984375,2
772,5.430643,0.155049,-8.724273,174.180438,13.764001,53.246646881103516,3
773,5.899208,0.72671,-8.705717,8.450685,12.652966,32.803131103515625,2
774,11.865766,10.018742,0.252486,180.944396,16.521678,54.49624252319336,3
775,21.43568,9.05202,4.667361,26.194817,3.377414,24.322490692138672,2
776,21.092281,7.891537,4.666667,166.74579,7.849318,24.248268127441406,2
777,19.996004,10.945642,8.318754,160.093675,3.166918,14.279583930969238,1
778,18.904577,10.608802,6.497053,183.576018,18.713368,31.150060653686523,2
779,13.527885,11.720656,5.652863,27.460732,7.433134,22.87388038635254,1
780,10.691138,4.319655,-2.552221,100.946464,6.054323,49.03647232055664,3
781,12.580213,10.38798,3.193281,80.991696,0.132241,53.962406158447266,3
782,8.366406,8.350048,-0.0,34.714432,17.642063,57.53032302856445,3
783,11.027037,5.947812,0.0,115.036722,10.942982,55.23807907104492,3
784,15.669086,0.92386,-4.335596,121.243587,11.832543,48.559322357177734,2
785,18.141115,11.702633,8.631082,42.889148,19.160076,34.11042404174805,2
786,14.26119,5.063758,3.933311,103.986451,15.902559,65.92544555664062,3
787,14.773671,9.117989,4.460455,197.837162,14.69789,47.44792938232422,2
788,14.246361,11.118811,6.701575,97.983032,3.934211,41.3381462097168,2
789,11.819991,1.572199,-4.366051,138.974642,12.110898,45.76298904418945,2
790,17.211448,1.918326,-4.333333,82.284365,21.117252,64.3641357421875,3
791,18.731472,8.243102,4.666667,6.955348,13.112477,42.634159088134766,2
792,15.758882,7.278441,4.669143,58.566311,17.788556,56.39004898071289,3
793,19.819084,13.357135,8.733333,160.288348,21.659712,16.86870765686035,1
794,18.449817,11.984404,8.731449,69.300398,19.490338,44.19719314575195,2
795,12.368668,11.015116,4.814831,16.663189,4.704414,22.473398208618164,1
796,11.478356,0.769978,-4.427394,102.221274,0.761861,43.88222885131836,2
797,8.353375,1.093279,-5.561934,73.366682,9.924723,49.057090759277344,2
798,3.232797,1.327912,0.0,147.895901,0.30348,40.44646072387695,2
799,13.457415,11.975263,7.818706,104.948033,10.421636,36.03734588623047,2
800,15.701721,14.145122,8.721732,160.904175,20.926336,19.950498580932617,1
